<!doctype html>
<html lang="en">

<head>
    <meta charset="utf-8">
    <meta name="viewport" content="width=device-width, initial-scale=1, shrink-to-fit=no">
    <title> NFL Losers Pool - 2022 - Jordan Hutchings </title>
    <meta name="HandheldFriendly" content="True">
    <meta name="MobileOptimized" content="320">
    <meta name="referrer" content="no-referrer">
    <meta name="description" content="Description for the page." />
    <meta property="og:site_name" content="Jordan Hutchings" />
    <meta property="og:locale" content="en_US" />
    <meta property="og:type" content="article" />
    <meta property="og:url" content="/blog/2022-09-07-nfl-losers-pool-2022/" />
    <meta property="og:title" content="NFL Losers Pool - 2022" />
    <meta property="og:image" content="/image/image.png" />
    <meta property="og:description" content="Description for the page." />

    <meta name="twitter:card" content="summary_large_image" />
    
    <meta name="twitter:title" content="NFL Losers Pool - 2022" />
    <meta name="twitter:description" content="Description for the page." />
    <meta name="twitter:image" content="/image/image.png" />

    <link rel="canonical" href="../../blog/2022-09-07-nfl-losers-pool-2022/">

    <link rel="stylesheet" href="https://cdnjs.cloudflare.com/ajax/libs/twitter-bootstrap/4.5.0/css/bootstrap.min.css" integrity="sha256-aAr2Zpq8MZ+YA/D6JtRD3xtrwpEz2IqOS+pWD/7XKIw=" crossorigin="anonymous" />

    <link rel="stylesheet" href="../../css/custom.css" />

    
        <link rel="stylesheet" href="https://cdnjs.cloudflare.com/ajax/libs/highlight.js/9.14.2/styles/tomorrow.min.css" integrity="sha256-0QU8ry64q+N6YBIEF/6XF6vUeF15gbNO4tLS6ikk0FI=" crossorigin="anonymous" />
    

    

    <link rel="shortcut icon"
        href="../../image/favicon2.png">

    
        <link href="../../index.xml" rel="alternate" type="application/rss+xml" title="Jordan Hutchings" />
    

</head>

<body>
    
    <div class="my-4 my-md-5 header">
    <div class="container">
        <div class="row">
            <div class="col-auto offset-md-1 d-none d-md-block">
                
                    <a href="../../">
                        <img class="ml-md-4 logo img-fluid d-block rounded-circle" src="../../image/jhutchings-avatar.png" alt="logo">
                    </a>
                
            </div>
            <div class="col-auto align-self-center mr-auto">
                <a href="../../">
                    <h1 class="name">Jordan Hutchings</h1>
                </a>

                <ul class="nav nav-primary">
                    
                        <li class="nav-item">
                            <a class="text-uppercase nav-link text-blog" href="../../blog/">
                                
                                Blog
                            </a>
                        </li>
                    
                        <li class="nav-item">
                            <a class="text-uppercase nav-link text-research" href="../../research/">
                                
                                Research
                            </a>
                        </li>
                    
                        <li class="nav-item">
                            <a class="text-uppercase nav-link text-CV" href="../../pdf/academic-cv.pdf">
                                
                                CV
                            </a>
                        </li>
                    
                        <li class="nav-item">
                            <a class="text-uppercase nav-link text-misc" href="../../misc/">
                                
                                Misc
                            </a>
                        </li>
                    

                    
                </ul>

            </div>
        </div>
    </div>
</div>


    <div class="content">
        <div class="container">
            <div class="row justify-content-center">
                <div class="col-sm-12 col-md-10">
                    <h1 class="mx-0 mx-md-4 blog-post-title">NFL Losers Pool - 2022</h1>

                    <div class="mb-md-4 meta">
                        
                            
                                <span class="author" title="Jordan Hutchings">
                                    Jordan Hutchings
                                </span>
                            
                        

                        <span class="date middot" title='Wed Sep 7 2022 00:00:00 UTC'>
                            2022-09-07
                        </span>



                        <div class="d-none d-md-inline tags">
                            <ul class="list-unstyled d-inline">
                                
                                    <li class="d-inline middot">
                                        <a href="../../tags/r">R</a>
                                    </li>
                                
                                    <li class="d-inline middot">
                                        <a href="../../tags/sports-analytics">Sports Analytics</a>
                                    </li>
                                
                                    <li class="d-inline middot">
                                        <a href="../../tags/data-visualization">Data Visualization</a>
                                    </li>
                                
                            </ul>
                        </div>

                        <div class="d-none d-md-inline tags">
                            <ul class="list-unstyled d-inline">
                                
                                
                            </ul>
                        </div>
                    </div>

                    <div class="markdown">
                        
    
<script src="../../blog/2022-09-07-nfl-losers-pool-2022/index_files/htmlwidgets/htmlwidgets.js"></script>
<script src="../../blog/2022-09-07-nfl-losers-pool-2022/index_files/plotly-binding/plotly.js"></script>
<script src="../../blog/2022-09-07-nfl-losers-pool-2022/index_files/typedarray/typedarray.min.js"></script>
<script src="../../blog/2022-09-07-nfl-losers-pool-2022/index_files/jquery/jquery.min.js"></script>
<link href="../../blog/2022-09-07-nfl-losers-pool-2022/index_files/crosstalk/css/crosstalk.min.css" rel="stylesheet" />
<script src="../../blog/2022-09-07-nfl-losers-pool-2022/index_files/crosstalk/js/crosstalk.min.js"></script>
<link href="../../blog/2022-09-07-nfl-losers-pool-2022/index_files/plotly-htmlwidgets-css/plotly-htmlwidgets.css" rel="stylesheet" />
<script src="../../blog/2022-09-07-nfl-losers-pool-2022/index_files/plotly-main/plotly-latest.min.js"></script>


<!-- <style type="text/css"> -->
<!--    .main-container {max-width: 50%;} -->
<!--    .row {display: flex;} -->
<!--    .column {flex: 50%;} -->
<!-- </style> -->
<!-- {{ $readTime := mul (div (countwords .Content) 220.0) 60 }} -->
<!-- {{ $minutes := math.Floor (div $readTime 60) }} -->
<!-- {{ $seconds := mod $readTime 60 }} -->
<!-- <p>Reading time: {{ $minutes }} {{ cond (eq $minutes 1) "minute" "minutes" }} and -->
<!--     {{ $seconds }} {{ cond (eq $seconds 1) "second" "seconds" }}.</p> -->
<p>Coming out of of Labour Day weekend only means one thing, it is time again for the annual NFL Losers Pool competition. This is the second time I am writing about this type of competition. You can see my blog post about trying to draft an optimal lineup here: <a href="https://www.jordanhutchings.com/blog/2021-11-19-nfl-fantasy-losers-pool/">2021 NFL Losers Pool</a>.</p>
<p>Below are the rules for our 2022 contest.</p>
<div id="losers-pool-rules" class="section level2">
<h2>Losers Pool Rules</h2>
<ol style="list-style-type: decimal">
<li>You must pick exactly one team per week to lose their game.</li>
<li>You cannot pick the same team more than once per season.</li>
<li>If your team wins their game, you are eliminated.</li>
<li>Rebuys back into the competition are allowed for Weeks 1 and 2.</li>
<li>You may enter up to three sets of picks.</li>
</ol>
</div>
<div id="pick-optimization" class="section level2">
<h2>Pick Optimization</h2>
<p>The objective of this competition is to outlast the other competitors in the pool. Specifically, this means avoiding elimination and being the remaining player in the pool. The second point is worth noting because we will shift our strategy from simply minimizing the risk of our picks losing, to maximizing the likelihood that our picks move on relative to the picks of others in the pool. A quick foreshadowing - this will involve using <em>team ownership</em> to trade-off probability of making it to the next week for increasing our expected value in the competition.</p>
<p>There are a total of 32 teams to choose from, and we can expect the pool to run for roughly 10 weeks - going off of last years competition. This is a large number of potential combinations of teams to select in each week. In fact for 10 weeks, it is <span class="math inline">\(32 \times 31 \times ... \times 22\)</span> which is roughly 234 trillion combinations (I’m not including teams with bye weeks but you get the idea, the space of possible picks is very large).</p>
<p>Fortunately, we can be smart about our optimization, and conditional on game forecasts, reach the global optimum without much computation work. I use two different algorithms to compare pick schedules; what I call the Opportunity Cost Model and Greedy Model. The Greedy Model will out preform the Opportunity Cost model in the short run, but eventually the Opportunity Cost model will pass the Greedy Model in future weeks.</p>
<ol style="list-style-type: decimal">
<li><p><strong>Opportunity Cost Model</strong> - picking the lowest win probability team in a given week conditional on it having the largest distance to the second lowest win probability that same week.</p></li>
<li><p><strong>Greedy Model</strong> - Picking the team with the lowest win probability in the first week, then the second, and so on…</p></li>
</ol>
<p><strong>Opportunity Cost Model Algorithm</strong></p>
<ol style="list-style-type: decimal">
<li>Step 1: Compute the difference between the least and second least likely teams to win in each week for each team and week in the pool.</li>
<li>Step 2: Pick the team &amp; week combination with the largest difference between the least and second least likely teams.</li>
<li>Step 3: Remove the week and team combination from the pool and repeat Steps 1 &amp; 2 until all weeks are filled.</li>
</ol>
<p><img src="oc-anim.gif" />
<!--Speed up the gif speed, change dimensions in the r file to make fill the page -->
<!-- There is some weird error where teams are disappearing in between stages --></p>
<p><strong>Greedy Model Algorithm</strong></p>
<ol style="list-style-type: decimal">
<li>Step 1: Start at the earliest week we wish to optimize over.</li>
<li>Step 2: Pick the team with the lowest probability of winning, and remove this team from the candidate pool.</li>
<li>Step 3: Move on to the next week, and repeat Steps 2 and 3 until we reach the terminal week.</li>
</ol>
<p><img src="naive-anim.gif" /></p>
</div>
<div id="making-picks" class="section level2">
<h2>Making Picks</h2>
<p>Lets put the above algorithms to action. Like last year, I am using the <a href="https://projects.fivethirtyeight.com/2022-nfl-predictions/">FiveThirtyEight NFL Projections</a> to estimate each teams likelihood of winning their game. These ratings are based off of each teams computed ELO score, with some additional adjustments - read about their methodology <a href="https://fivethirtyeight.com/methodology/how-our-nfl-predictions-work/">here</a>.</p>
<p>We can see that there are some clear weeks below with drastic underdogs, and each week after Week 1 contains at least one game with a win probability less than 25%.</p>
<p><img src="../../blog/2022-09-07-nfl-losers-pool-2022/index_files/figure-html/unnamed-chunk-1-1.png" width="80%" style="display: block; margin: auto;" /></p>
<p>I choose to run the above two algorithms starting in Week 3. Since we can rebuy back into the competition in Weeks 1 and 2, we do not want to take a valuable pick from our elimination weeks. Therefore, I make my set of picks on weeks 3 through 10, then pick Week 1 and 2 after removing the Weeks 3 - 10 picks, this ended up being the Pittsburgh Steelers and Chicago Bears.</p>
<p>The pick schedules using both algorithms are shown below. Notice the trade off of early week win probabilities for later risk savings.</p>
<p><img src="../../blog/2022-09-07-nfl-losers-pool-2022/index_files/figure-html/compare-algos-1.png" width="80%" style="display: block; margin: auto;" /></p>
<p>We can compare the performance of both algorithms by comparing the likelihoods of reaching a given week for both models. The likelihood we move on from a given week <span class="math inline">\(w\)</span> is equal to the probability <span class="math inline">\(P(W\leq w)\)</span> where,</p>
<p><span class="math display">\[\begin{align*}
P(W\leq w) &amp;= \Pi_{w=3}^{10} p_{i, w}\cdot x_{i, w} \\ 
\text{Subject to } &amp; \sum_i x_{i, w} = 1 \\
&amp; \sum_w x_{i, w} \leq 1
\end{align*}\]</span></p>
<p>Which is the likelihood a given schedule of picks reaches week 10 subject to being able to pick only one team per week, and picking any given team at most once.</p>
<!-- $$P(W\leq w) = \Pi_{t=3}^{10} p_{i, w}\cdot x_{i, w}$$ where $p_{i,w}$ is the likelihood the $i^{th}$ selected team loses their game in week $w$.  -->
<p><img src="../../blog/2022-09-07-nfl-losers-pool-2022/index_files/figure-html/cumprob-plot-1.png" width="80%" style="display: block; margin: auto;" /></p>
</div>
<div id="optimal-decisions-under-multiple-entries" class="section level2">
<h2>Optimal Decisions under Multiple Entries</h2>
<p>One interesting aspect of the Losers Pool is that we are able to submit multiple submissions into the competition. The above analysis works for the Single-Entry case, however things become more complex in the Multiple-Entry case. When dealing with multiple entries, I move from minimizing the cost of being eliminated in any given week, to minimizing the likelihood all of the entries are eliminated in a given week. We can represent each combination of an N-team tuple as a possible pick in a given week, and calculate the probability of at least one team moving onto the next week from a tuple of N picks. Given we have two entries in the competition, this is equal to <span class="math inline">\(1 - (p_{i, w} \cdot x_{i, w})(p_{j, w} \cdot x_{j, w})\)</span>.</p>
<p>By computing the above likelihoods of each tuple moving onto the following week, we can then run the Opportunity Cost model on the set of picks, taking the pick with the largest difference between the best and second best pick across all weeks we are considering.</p>
<!-- $$\mathrm{P(\text{At least one team loses})}_{i\in \mathcal I, w} = 1 - \Pi_{i \in \mathcal I, w}(p_{i, w}\cdot x_{i, w})$$ -->
<!-- Where $\mathcal I$ is the set of teams considered in the tuple for week $w$. Using the above notation, our objective function becomes:  -->
<!-- \begin{align*} -->
<!-- & \max_{}\Pi_{w=3}^{10} 1 - \Pi_{i \in \mathcal I, w}(p_{i, w}\cdot x_{i, w}) -->
<!-- \text{Subject to} &  -->
<!-- \end{align*} -->
<div align="center">
<div id="htmlwidget-1" style="width:100%;height:400px;" class="plotly html-widget"></div>
<script type="application/json" data-for="htmlwidget-1">{"x":{"data":[{"x":[1,2,3,4,5,6,7,8,9,10,11,12,13,14,15,16],"y":[1,2,3,4,5,6,7,8,9,10,11,12,13,14,15,16],"z":[[0.00927744339971163,0.779599106457404,0.688124637790046,0.781641112405018,0.835833851504087,0.796719833506337,0.787818490630089,0.784852734056687,0.877870905502423,0.685471389275778,0.608478546556286,0.674337247370554,0.744211089927209,0.601726757111226,0.604807112009155,0.708591659336797],[0.779599106457404,0.360847743937277,0.836990968590246,0.902583396679073,0.940594168117234,0.913159607272788,0.906916207968995,0.904836027171219,0.970078945562112,0.83512998085423,0.781127223369784,0.827320496961086,0.876329989802401,0.776391520217271,0.778552080246532,0.851346531548805],[0.688124637790046,0.836990968590246,0.175274461930212,0.838745078732846,0.885297359062899,0.851697899782249,0.844051528408928,0.841503904249476,0.921407744965385,0.756134013398212,0.689996142213415,0.746569638099538,0.806592193897816,0.684196265694877,0.686842331332237,0.775994631464029],[0.781641112405018,0.902583396679073,0.838745078732846,0.364990339692107,0.941828571712227,0.914531631336711,0.908319550906392,0.906249804956051,0.971165444150669,0.836893426302263,0.783161563797718,0.829123117260198,0.877886762922653,0.778449616436022,0.780599338410099,0.853028629629054],[0.835833851504087,0.940594168117234,0.885297359062899,0.941828571712227,0.474930573312239,0.950943739842421,0.945562830124925,0.943770014300682,1,0.883693456043788,0.837150867883017,0.876962807285871,0.919201921500336,0.833069374793659,0.834931465922385,0.89766978383748],[0.796719833506337,0.913159607272788,0.851697899782249,0.914531631336711,0.950943739842421,0.395580380869787,0.918682212576033,0.916689520345533,0.979188441935254,0.849915181757654,0.798183680640129,0.84243415035177,0.889382394326535,0.793647152426787,0.795716843286561,0.865449694242881],[0.787818490630089,0.906916207968995,0.844051528408928,0.908319550906392,0.945562830124925,0.918682212576033,0.377522321217947,0.910526697544593,0.974452267448299,0.842228116695555,0.789315752661166,0.834576317529675,0.882596238125531,0.78467567017581,0.786792605386374,0.858117231876027],[0.784852734056687,0.904836027171219,0.841503904249476,0.906249804956051,0.943770014300682,0.916689520345533,0.910526697544593,0.37150572239012,0.972874265026334,0.839666934180171,0.786361129290097,0.831958238474771,0.880335221148535,0.781686544509165,0.783819220630496,0.855674196171634],[0.877870905502423,0.970078945562112,0.921407744965385,0.971165444150669,1,0.979188441935254,0.974452267448299,0.972874265026334,0.560210697810663,0.919996020004834,0.879030118293619,0.914071830861826,0.951249896578786,0.875437665631638,0.877076642860261,0.932297718154975],[0.685471389275778,0.83512998085423,0.756134013398212,0.836893426302263,0.883693456043788,0.849915181757654,0.842228116695555,0.839666934180171,0.919996020004834,0.169891844879291,0.687352853772342,0.744227431586382,0.804569425074256,0.681522110538278,0.684182258433257,0.773809023612354],[0.608478546556286,0.781127223369784,0.689996142213415,0.783161563797718,0.837150867883017,0.798183680640129,0.789315752661166,0.786361129290097,0.879030118293619,0.687352853772342,0.0136972834605549,0.676260508505366,0.745872050496319,0.603922591958519,0.606991383461583,0.710386332271679],[0.674337247370554,0.827320496961086,0.746569638099538,0.829123117260198,0.876962807285871,0.84243415035177,0.834576317529675,0.831958238474771,0.914071830861826,0.744227431586382,0.676260508505366,0.147304129577018,0.79608103998636,0.670300235606449,0.673019478551829,0.76463729776803],[0.744211089927209,0.876329989802401,0.806592193897816,0.877886762922653,0.919201921500336,0.889382394326535,0.882596238125531,0.880335221148535,0.951249896578786,0.804569425074256,0.745872050496319,0.79608103998636,0.289056451056318,0.740724658867048,0.743073042676378,0.822195727782145],[0.601726757111226,0.776391520217271,0.684196265694877,0.778449616436022,0.833069374793659,0.793647152426787,0.78467567017581,0.781686544509165,0.875437665631638,0.681522110538278,0.603922591958519,0.670300235606449,0.740724658867048,0,0.600222227829967,0.704824559997192],[0.604807112009155,0.778552080246532,0.686842331332237,0.780599338410099,0.834931465922385,0.795716843286561,0.786792605386374,0.783819220630496,0.877076642860261,0.684182258433257,0.606991383461583,0.673019478551829,0.743073042676378,0.600222227829967,0.00624908323035981,0.707361995829024],[0.708591659336797,0.851346531548805,0.775994631464029,0.853028629629054,0.89766978383748,0.865449694242881,0.858117231876027,0.855674196171634,0.932297718154975,0.773809023612354,0.710386332271679,0.76463729776803,0.822195727782145,0.704824559997192,0.707361995829024,0.216795690931844]],"text":[["team1: ARI<br />team2: ARI<br />value: 0.5070709","team1: ATL<br />team2: ARI<br />value: 0.8295745","team1: CAR<br />team2: ARI<br />value: 0.7912777","team1: DAL<br />team2: ARI<br />value: 0.8304294","team1: DET<br />team2: ARI<br />value: 0.8531178","team1: GB<br />team2: ARI<br />value: 0.8367423","team1: HOU<br />team2: ARI<br />value: 0.8330157","team1: IND<br />team2: ARI<br />value: 0.8317740","team1: JAX<br />team2: ARI<br />value: 0.8707171","team1: MIA<br />team2: ARI<br />value: 0.7901669","team1: NE<br />team2: ARI<br />value: 0.7579330","team1: NYJ<br />team2: ARI<br />value: 0.7855055","team1: OAK<br />team2: ARI<br />value: 0.8147590","team1: PIT<br />team2: ARI<br />value: 0.7551063","team1: SF<br />team2: ARI<br />value: 0.7563960","team1: WSH<br />team2: ARI<br />value: 0.7998465"],["team1: ARI<br />team2: ATL<br />value: 0.8295745","team1: ATL<br />team2: ATL<br />value: 0.6542597","team1: CAR<br />team2: ATL<br />value: 0.8536023","team1: DAL<br />team2: ATL<br />value: 0.8810633","team1: DET<br />team2: ATL<br />value: 0.8969769","team1: GB<br />team2: ATL<br />value: 0.8854911","team1: HOU<br />team2: ATL<br />value: 0.8828772","team1: IND<br />team2: ATL<br />value: 0.8820064","team1: JAX<br />team2: ATL<br />value: 0.9093210","team1: MIA<br />team2: ATL<br />value: 0.8528232","team1: NE<br />team2: ATL<br />value: 0.8302143","team1: NYJ<br />team2: ATL<br />value: 0.8495536","team1: OAK<br />team2: ATL<br />value: 0.8700720","team1: PIT<br />team2: ATL<br />value: 0.8282316","team1: SF<br />team2: ATL<br />value: 0.8291362","team1: WSH<br />team2: ATL<br />value: 0.8596124"],["team1: ARI<br />team2: CAR<br />value: 0.7912777","team1: ATL<br />team2: CAR<br />value: 0.8536023","team1: CAR<br />team2: CAR<br />value: 0.5765674","team1: DAL<br />team2: CAR<br />value: 0.8543367","team1: DET<br />team2: CAR<br />value: 0.8738263","team1: GB<br />team2: CAR<br />value: 0.8597595","team1: HOU<br />team2: CAR<br />value: 0.8565583","team1: IND<br />team2: CAR<br />value: 0.8554917","team1: JAX<br />team2: CAR<br />value: 0.8889443","team1: MIA<br />team2: CAR<br />value: 0.8197506","team1: NE<br />team2: CAR<br />value: 0.7920613","team1: NYJ<br />team2: CAR<br />value: 0.8157464","team1: OAK<br />team2: CAR<br />value: 0.8408755","team1: PIT<br />team2: CAR<br />value: 0.7896331","team1: SF<br />team2: CAR<br />value: 0.7907409","team1: WSH<br />team2: CAR<br />value: 0.8280655"],["team1: ARI<br />team2: DAL<br />value: 0.8304294","team1: ATL<br />team2: DAL<br />value: 0.8810633","team1: CAR<br />team2: DAL<br />value: 0.8543367","team1: DAL<br />team2: DAL<br />value: 0.6559940","team1: DET<br />team2: DAL<br />value: 0.8974937","team1: GB<br />team2: DAL<br />value: 0.8860655","team1: HOU<br />team2: DAL<br />value: 0.8834648","team1: IND<br />team2: DAL<br />value: 0.8825982","team1: JAX<br />team2: DAL<br />value: 0.9097759","team1: MIA<br />team2: DAL<br />value: 0.8535614","team1: NE<br />team2: DAL<br />value: 0.8310660","team1: NYJ<br />team2: DAL<br />value: 0.8503083","team1: OAK<br />team2: DAL<br />value: 0.8707237","team1: PIT<br />team2: DAL<br />value: 0.8290933","team1: SF<br />team2: DAL<br />value: 0.8299933","team1: WSH<br />team2: DAL<br />value: 0.8603166"],["team1: ARI<br />team2: DET<br />value: 0.8531178","team1: ATL<br />team2: DET<br />value: 0.8969769","team1: CAR<br />team2: DET<br />value: 0.8738263","team1: DAL<br />team2: DET<br />value: 0.8974937","team1: DET<br />team2: DET<br />value: 0.7020217","team1: GB<br />team2: DET<br />value: 0.9013099","team1: HOU<br />team2: DET<br />value: 0.8990571","team1: IND<br />team2: DET<br />value: 0.8983065","team1: JAX<br />team2: DET<br />value: 0.9218478","team1: MIA<br />team2: DET<br />value: 0.8731548","team1: NE<br />team2: DET<br />value: 0.8536692","team1: NYJ<br />team2: DET<br />value: 0.8703369","team1: OAK<br />team2: DET<br />value: 0.8880208","team1: PIT<br />team2: DET<br />value: 0.8519605","team1: SF<br />team2: DET<br />value: 0.8527400","team1: WSH<br />team2: DET<br />value: 0.8790061"],["team1: ARI<br />team2: GB<br />value: 0.8367423","team1: ATL<br />team2: GB<br />value: 0.8854911","team1: CAR<br />team2: GB<br />value: 0.8597595","team1: DAL<br />team2: GB<br />value: 0.8860655","team1: DET<br />team2: GB<br />value: 0.9013099","team1: GB<br />team2: GB<br />value: 0.6688009","team1: HOU<br />team2: GB<br />value: 0.8878032","team1: IND<br />team2: GB<br />value: 0.8869689","team1: JAX<br />team2: GB<br />value: 0.9131348","team1: MIA<br />team2: GB<br />value: 0.8590131","team1: NE<br />team2: GB<br />value: 0.8373552","team1: NYJ<br />team2: GB<br />value: 0.8558811","team1: OAK<br />team2: GB<br />value: 0.8755365","team1: PIT<br />team2: GB<br />value: 0.8354559","team1: SF<br />team2: GB<br />value: 0.8363224","team1: WSH<br />team2: GB<br />value: 0.8655168"],["team1: ARI<br />team2: HOU<br />value: 0.8330157","team1: ATL<br />team2: HOU<br />value: 0.8828772","team1: CAR<br />team2: HOU<br />value: 0.8565583","team1: DAL<br />team2: HOU<br />value: 0.8834648","team1: DET<br />team2: HOU<br />value: 0.8990571","team1: GB<br />team2: HOU<br />value: 0.8878032","team1: HOU<br />team2: HOU<br />value: 0.6612407","team1: IND<br />team2: HOU<br />value: 0.8843888","team1: JAX<br />team2: HOU<br />value: 0.9111520","team1: MIA<br />team2: HOU<br />value: 0.8557949","team1: NE<br />team2: HOU<br />value: 0.8336425","team1: NYJ<br />team2: HOU<br />value: 0.8525914","team1: OAK<br />team2: HOU<br />value: 0.8726954","team1: PIT<br />team2: HOU<br />value: 0.8316999","team1: SF<br />team2: HOU<br />value: 0.8325862","team1: WSH<br />team2: HOU<br />value: 0.8624470"],["team1: ARI<br />team2: IND<br />value: 0.8317740","team1: ATL<br />team2: IND<br />value: 0.8820064","team1: CAR<br />team2: IND<br />value: 0.8554917","team1: DAL<br />team2: IND<br />value: 0.8825982","team1: DET<br />team2: IND<br />value: 0.8983065","team1: GB<br />team2: IND<br />value: 0.8869689","team1: HOU<br />team2: IND<br />value: 0.8843888","team1: IND<br />team2: IND<br />value: 0.6587218","team1: JAX<br />team2: IND<br />value: 0.9104913","team1: MIA<br />team2: IND<br />value: 0.8547226","team1: NE<br />team2: IND<br />value: 0.8324055","team1: NYJ<br />team2: IND<br />value: 0.8514953","team1: OAK<br />team2: IND<br />value: 0.8717488","team1: PIT<br />team2: IND<br />value: 0.8304485","team1: SF<br />team2: IND<br />value: 0.8313413","team1: WSH<br />team2: IND<br />value: 0.8614242"],["team1: ARI<br />team2: JAX<br />value: 0.8707171","team1: ATL<br />team2: JAX<br />value: 0.9093210","team1: CAR<br />team2: JAX<br />value: 0.8889443","team1: DAL<br />team2: JAX<br />value: 0.9097759","team1: DET<br />team2: JAX<br />value: 0.9218478","team1: GB<br />team2: JAX<br />value: 0.9131348","team1: HOU<br />team2: JAX<br />value: 0.9111520","team1: IND<br />team2: JAX<br />value: 0.9104913","team1: JAX<br />team2: JAX<br />value: 0.7377252","team1: MIA<br />team2: JAX<br />value: 0.8883533","team1: NE<br />team2: JAX<br />value: 0.8712024","team1: NYJ<br />team2: JAX<br />value: 0.8858730","team1: OAK<br />team2: JAX<br />value: 0.9014380","team1: PIT<br />team2: JAX<br />value: 0.8696984","team1: SF<br />team2: JAX<br />value: 0.8703846","team1: WSH<br />team2: JAX<br />value: 0.8935035"],["team1: ARI<br />team2: MIA<br />value: 0.7901669","team1: ATL<br />team2: MIA<br />value: 0.8528232","team1: CAR<br />team2: MIA<br />value: 0.8197506","team1: DAL<br />team2: MIA<br />value: 0.8535614","team1: DET<br />team2: MIA<br />value: 0.8731548","team1: GB<br />team2: MIA<br />value: 0.8590131","team1: HOU<br />team2: MIA<br />value: 0.8557949","team1: IND<br />team2: MIA<br />value: 0.8547226","team1: JAX<br />team2: MIA<br />value: 0.8883533","team1: MIA<br />team2: MIA<br />value: 0.5743139","team1: NE<br />team2: MIA<br />value: 0.7909546","team1: NYJ<br />team2: MIA<br />value: 0.8147658","team1: OAK<br />team2: MIA<br />value: 0.8400286","team1: PIT<br />team2: MIA<br />value: 0.7885135","team1: SF<br />team2: MIA<br />value: 0.7896272","team1: WSH<br />team2: MIA<br />value: 0.8271505"],["team1: ARI<br />team2: NE<br />value: 0.7579330","team1: ATL<br />team2: NE<br />value: 0.8302143","team1: CAR<br />team2: NE<br />value: 0.7920613","team1: DAL<br />team2: NE<br />value: 0.8310660","team1: DET<br />team2: NE<br />value: 0.8536692","team1: GB<br />team2: NE<br />value: 0.8373552","team1: HOU<br />team2: NE<br />value: 0.8336425","team1: IND<br />team2: NE<br />value: 0.8324055","team1: JAX<br />team2: NE<br />value: 0.8712024","team1: MIA<br />team2: NE<br />value: 0.7909546","team1: NE<br />team2: NE<br />value: 0.5089213","team1: NYJ<br />team2: NE<br />value: 0.7863107","team1: OAK<br />team2: NE<br />value: 0.8154543","team1: PIT<br />team2: NE<br />value: 0.7560256","team1: SF<br />team2: NE<br />value: 0.7573104","team1: WSH<br />team2: NE<br />value: 0.8005979"],["team1: ARI<br />team2: NYJ<br />value: 0.7855055","team1: ATL<br />team2: NYJ<br />value: 0.8495536","team1: CAR<br />team2: NYJ<br />value: 0.8157464","team1: DAL<br />team2: NYJ<br />value: 0.8503083","team1: DET<br />team2: NYJ<br />value: 0.8703369","team1: GB<br />team2: NYJ<br />value: 0.8558811","team1: HOU<br />team2: NYJ<br />value: 0.8525914","team1: IND<br />team2: NYJ<br />value: 0.8514953","team1: JAX<br />team2: NYJ<br />value: 0.8858730","team1: MIA<br />team2: NYJ<br />value: 0.8147658","team1: NE<br />team2: NYJ<br />value: 0.7863107","team1: NYJ<br />team2: NYJ<br />value: 0.5648573","team1: OAK<br />team2: NYJ<br />value: 0.8364749","team1: PIT<br />team2: NYJ<br />value: 0.7838154","team1: SF<br />team2: NYJ<br />value: 0.7849538","team1: WSH<br />team2: NYJ<br />value: 0.8233106"],["team1: ARI<br />team2: OAK<br />value: 0.8147590","team1: ATL<br />team2: OAK<br />value: 0.8700720","team1: CAR<br />team2: OAK<br />value: 0.8408755","team1: DAL<br />team2: OAK<br />value: 0.8707237","team1: DET<br />team2: OAK<br />value: 0.8880208","team1: GB<br />team2: OAK<br />value: 0.8755365","team1: HOU<br />team2: OAK<br />value: 0.8726954","team1: IND<br />team2: OAK<br />value: 0.8717488","team1: JAX<br />team2: OAK<br />value: 0.9014380","team1: MIA<br />team2: OAK<br />value: 0.8400286","team1: NE<br />team2: OAK<br />value: 0.8154543","team1: NYJ<br />team2: OAK<br />value: 0.8364749","team1: OAK<br />team2: OAK<br />value: 0.6242035","team1: PIT<br />team2: OAK<br />value: 0.8132993","team1: SF<br />team2: OAK<br />value: 0.8142825","team1: WSH<br />team2: OAK<br />value: 0.8474081"],["team1: ARI<br />team2: PIT<br />value: 0.7551063","team1: ATL<br />team2: PIT<br />value: 0.8282316","team1: CAR<br />team2: PIT<br />value: 0.7896331","team1: DAL<br />team2: PIT<br />value: 0.8290933","team1: DET<br />team2: PIT<br />value: 0.8519605","team1: GB<br />team2: PIT<br />value: 0.8354559","team1: HOU<br />team2: PIT<br />value: 0.8316999","team1: IND<br />team2: PIT<br />value: 0.8304485","team1: JAX<br />team2: PIT<br />value: 0.8696984","team1: MIA<br />team2: PIT<br />value: 0.7885135","team1: NE<br />team2: PIT<br />value: 0.7560256","team1: NYJ<br />team2: PIT<br />value: 0.7838154","team1: OAK<br />team2: PIT<br />value: 0.8132993","team1: PIT<br />team2: PIT<br />value: 0.5031868","team1: SF<br />team2: PIT<br />value: 0.7544764","team1: WSH<br />team2: PIT<br />value: 0.7982694"],["team1: ARI<br />team2: SF<br />value: 0.7563960","team1: ATL<br />team2: SF<br />value: 0.8291362","team1: CAR<br />team2: SF<br />value: 0.7907409","team1: DAL<br />team2: SF<br />value: 0.8299933","team1: DET<br />team2: SF<br />value: 0.8527400","team1: GB<br />team2: SF<br />value: 0.8363224","team1: HOU<br />team2: SF<br />value: 0.8325862","team1: IND<br />team2: SF<br />value: 0.8313413","team1: JAX<br />team2: SF<br />value: 0.8703846","team1: MIA<br />team2: SF<br />value: 0.7896272","team1: NE<br />team2: SF<br />value: 0.7573104","team1: NYJ<br />team2: SF<br />value: 0.7849538","team1: OAK<br />team2: SF<br />value: 0.8142825","team1: PIT<br />team2: SF<br />value: 0.7544764","team1: SF<br />team2: SF<br />value: 0.5058031","team1: WSH<br />team2: SF<br />value: 0.7993317"],["team1: ARI<br />team2: WSH<br />value: 0.7998465","team1: ATL<br />team2: WSH<br />value: 0.8596124","team1: CAR<br />team2: WSH<br />value: 0.8280655","team1: DAL<br />team2: WSH<br />value: 0.8603166","team1: DET<br />team2: WSH<br />value: 0.8790061","team1: GB<br />team2: WSH<br />value: 0.8655168","team1: HOU<br />team2: WSH<br />value: 0.8624470","team1: IND<br />team2: WSH<br />value: 0.8614242","team1: JAX<br />team2: WSH<br />value: 0.8935035","team1: MIA<br />team2: WSH<br />value: 0.8271505","team1: NE<br />team2: WSH<br />value: 0.8005979","team1: NYJ<br />team2: WSH<br />value: 0.8233106","team1: OAK<br />team2: WSH<br />value: 0.8474081","team1: PIT<br />team2: WSH<br />value: 0.7982694","team1: SF<br />team2: WSH<br />value: 0.7993317","team1: WSH<br />team2: WSH<br />value: 0.5939507"]],"colorscale":[[0,"#FDE725"],[0.00624908323035981,"#FAE627"],[0.00927744339971163,"#F8E628"],[0.0136972834605549,"#F6E629"],[0.147304129577018,"#ADD945"],[0.169891844879291,"#9FD749"],[0.175274461930212,"#9CD74A"],[0.216795690931844,"#81D250"],[0.289056451056318,"#69C561"],[0.360847743937277,"#52B872"],[0.364990339692107,"#51B873"],[0.37150572239012,"#4EB674"],[0.377522321217947,"#4CB575"],[0.395580380869787,"#44B279"],[0.474930573312239,"#25A385"],[0.560210697810663,"#2B9189"],[0.600222227829967,"#2C888B"],[0.601726757111226,"#2C888B"],[0.603922591958519,"#2C888B"],[0.604807112009155,"#2C878B"],[0.606991383461583,"#2C878B"],[0.608478546556286,"#2C878B"],[0.670300235606449,"#2A7A8E"],[0.673019478551829,"#2A798E"],[0.674337247370554,"#2A798E"],[0.676260508505366,"#2A798E"],[0.681522110538278,"#2B778E"],[0.684182258433257,"#2B778E"],[0.684196265694877,"#2B778E"],[0.685471389275778,"#2C768E"],[0.686842331332237,"#2C768E"],[0.687352853772342,"#2C768E"],[0.688124637790046,"#2C768E"],[0.689996142213415,"#2D758E"],[0.704824559997192,"#2F728D"],[0.707361995829024,"#30728D"],[0.708591659336797,"#30718D"],[0.710386332271679,"#30718D"],[0.740724658867048,"#356A8C"],[0.743073042676378,"#35698C"],[0.744211089927209,"#36698C"],[0.744227431586382,"#36698C"],[0.745872050496319,"#36698C"],[0.746569638099538,"#36698C"],[0.756134013398212,"#37668C"],[0.76463729776803,"#38658C"],[0.773809023612354,"#39628B"],[0.775994631464029,"#39628B"],[0.776391520217271,"#39628B"],[0.778449616436022,"#3A618B"],[0.778552080246532,"#3A618B"],[0.779599106457404,"#3A618B"],[0.780599338410099,"#3A618B"],[0.781127223369784,"#3A618B"],[0.781641112405018,"#3A618B"],[0.781686544509165,"#3A618B"],[0.783161563797718,"#3A608B"],[0.783819220630496,"#3A608B"],[0.78467567017581,"#3A608B"],[0.784852734056687,"#3A608B"],[0.786361129290097,"#3A608B"],[0.786792605386374,"#3A5F8B"],[0.787818490630089,"#3A5F8B"],[0.789315752661166,"#3B5F8B"],[0.793647152426787,"#3B5E8B"],[0.795716843286561,"#3B5D8B"],[0.79608103998636,"#3B5D8B"],[0.796719833506337,"#3B5D8B"],[0.798183680640129,"#3B5D8A"],[0.804569425074256,"#3C5B8A"],[0.806592193897816,"#3C5B8A"],[0.822195727782145,"#3D578A"],[0.827320496961086,"#3E568A"],[0.829123117260198,"#3E568A"],[0.831958238474771,"#3E5589"],[0.833069374793659,"#3E5589"],[0.834576317529675,"#3E5589"],[0.834931465922385,"#3E5489"],[0.83512998085423,"#3E5489"],[0.835833851504087,"#3E5489"],[0.836893426302263,"#3E5489"],[0.836990968590246,"#3E5489"],[0.837150867883017,"#3E5489"],[0.838745078732846,"#3E5489"],[0.839666934180171,"#3E5389"],[0.841503904249476,"#3E5389"],[0.842228116695555,"#3E5389"],[0.84243415035177,"#3E5389"],[0.844051528408928,"#3F5289"],[0.849915181757654,"#3F5189"],[0.851346531548805,"#3F5189"],[0.851697899782249,"#3F5189"],[0.853028629629054,"#3F5089"],[0.855674196171634,"#3F5089"],[0.858117231876027,"#3F4F89"],[0.865449694242881,"#404D88"],[0.875437665631638,"#404B88"],[0.876329989802401,"#404B88"],[0.876962807285871,"#404B88"],[0.877076642860261,"#404B88"],[0.877870905502423,"#404A88"],[0.877886762922653,"#404A88"],[0.879030118293619,"#404A88"],[0.880335221148535,"#404A88"],[0.882596238125531,"#404988"],[0.883693456043788,"#404988"],[0.885297359062899,"#404988"],[0.889382394326535,"#414888"],[0.89766978383748,"#414687"],[0.902583396679073,"#414587"],[0.904836027171219,"#414487"],[0.906249804956051,"#414487"],[0.906916207968995,"#414487"],[0.908319550906392,"#414386"],[0.910526697544593,"#414386"],[0.913159607272788,"#424285"],[0.914071830861826,"#424285"],[0.914531631336711,"#424285"],[0.916689520345533,"#424184"],[0.918682212576033,"#424184"],[0.919201921500336,"#424184"],[0.919996020004834,"#424083"],[0.921407744965385,"#424083"],[0.932297718154975,"#433D81"],[0.940594168117234,"#433B7F"],[0.941828571712227,"#433B7E"],[0.943770014300682,"#433B7E"],[0.945562830124925,"#443A7E"],[0.950943739842421,"#44397C"],[0.951249896578786,"#44397C"],[0.970078945562112,"#453478"],[0.971165444150669,"#453478"],[0.972874265026334,"#453377"],[0.974452267448299,"#453377"],[0.979188441935254,"#453276"],[1,"#452D71"]],"type":"heatmap","showscale":false,"autocolorscale":false,"showlegend":false,"xaxis":"x","yaxis":"y","hoverinfo":"text","frame":null},{"x":[1,2,3,4,5,6,7,8,9,10,11,12,13,14,15,16],"y":[1,2,3,4,5,6,7,8,9,10,11,12,13,14,15,16],"z":[[0.0534132448418717,0.657808699135477,0.630017830978526,0.707887594376378,0.630629830798133,0.776430939673882,0.86276081809931,0.718009514295499,0.675689269648216,0.881734588760937,0.792201758986264,0.853869398696836,0.645570097899441,0.745146359574823,0.693392014352693,0.705127621508307],[0.657808699135477,0.0595542522274879,0.633019236492689,0.71046500039284,0.633627903983997,0.778635128375835,0.864494942125429,0.720531806635302,0.678441994978823,0.883365400938156,0.79432007585331,0.855651936345856,0.648486821592639,0.747520892267421,0.696048348548474,0.707720055528692],[0.630017830978526,0.633019236492689,0,0.6854698361863,0.604553194332015,0.757259350483016,0.847677756741948,0.696071123759734,0.651746619390127,0.867550113048215,0.773777065712453,0.838365245402715,0.620201022928808,0.724493152677232,0.670287754762746,0.682579152768225],[0.707887594376378,0.71046500039284,0.6854698361863,0.166870480767278,0.68602027008779,0.817154088479624,0.894799359400551,0.764609737858192,0.726546822434111,0.911864407913113,0.831338395934808,0.886802398429813,0.699457577169302,0.789016672538083,0.742468707576235,0.753023736885194],[0.630629830798133,0.633627903983997,0.604553194332015,0.68602027008779,0.00131148085817868,0.757730079649895,0.848048098336275,0.696609787518734,0.65233449469335,0.867898391240929,0.774229455987898,0.838745926268064,0.620823921917854,0.725000260709826,0.670855044660304,0.683132796068148],[0.776430939673882,0.778635128375835,0.757259350483016,0.817154088479624,0.757730079649895,0.313754977189257,0.936277234008932,0.824939520399855,0.792388246908104,0.950871204415387,0.882005637763404,0.92943826067331,0.769221618144243,0.845812246438013,0.806004587957944,0.815031212480037],[0.86276081809931,0.864494942125429,0.847677756741948,0.894799359400551,0.848048098336275,0.936277234008932,0.498755004013907,0.900924472252559,0.875315074385309,1,0.945820685135678,0.983137839940538,0.85708895449458,0.917345886481429,0.886027598291014,0.893129207352274],[0.718009514295499,0.720531806635302,0.696071123759734,0.764609737858192,0.696609787518734,0.824939520399855,0.900924472252559,0.188561180333964,0.736269744812557,0.917624612186538,0.838820519284432,0.893098513412796,0.70975975942956,0.797403777781932,0.751851166083669,0.762180493090099],[0.675689269648216,0.678441994978823,0.651746619390127,0.726546822434111,0.65233449469335,0.792388246908104,0.875315074385309,0.736269744812557,0.0978712994054712,0.893